0
1 26 1496 1884 2304 2375 2498 5270 6355
2 5 124 164 291 301 348 405 409 410 418 462 474 504 517 574 610 641 684 719 741 751 754 770 798 799 807 823 846 850 1089 1134 1135 1142 1143 1207 1240 1254 1267 1275 1312 1352 1380 1480 1489 1531 1661 1677 1709 1737 1741 1748 1763 1765 1832 1853 1867 1892 1896 1897 1916 1943 2001 2019 2020 2024 2072 2149 2151 2162 2173 2185 2195 2202 2266 2336 2341 2348 2370 2394 2412 2506 2552 2600 2647 2665 2705 2744 2775 2804 2828 2833 2845 2884 2908 2917 2940 2943 2961 2974 2992 3032 3051 3063 3066 3141 3175 3191 3203 3246 3299 3306 3321 3332 3342 3401 3414 3420 3429 3431 3488 3531 3608 3613 3638 3705 3769 3834 3872 3898 4039 4062 4102 4104 4169 4186 4191 4224 4242 4244 4272 4303 4327 4337 4359 4424 4431 4470 4666 4680 4717 4789 4802 4855 4856 4947 4995 5003 5004 5028 5051 5105 5125 5193 5224 5292 5308 5411 5470 5511 5550 5644 5704 5723 5766 5769 5800 5810 5881 5914 5963 5994 6004 6026 6036 6097 6099 6126 6153 6177 6211 6231 6274 6305 6315 6421 6428 6439 6633 6678 6780 6801 6840 6953
3 38 103 188 225 289 430 434 470 471 488 499 520 552 583 598 617 633 718 789 895 1014 1020 1185 1196 1223 1262 1317 1348 1364 1383 1384 1453 1469 1575 1699 1719 1736 1863 1922 1949 2043 2044 2064 2065 2077 2081 2174 2176 2414 2431 2462 2513 2556 2583 2597 2707 2726 2795 2829 2968 2975 3022 3027 3058 3068 3090 3127 3154 3243 3264 3368 3369 3526 3560 3590 3594 3601 3689 3731 3773 3798 3819 3844 3851 3867 3894 3986 4009 4071 4074 4084 4085 4130 4155 4223 4231 4238 4273 4348 4350 4369 4397 4421 4453 4471 4553 4695 4767 4774 4805 4879 4892 4902 4955 4962 4975 5013 5031 5038 5060 5122 5129 5133 5135 5236 5329 5337 5348 5372 5405 5446 5529 5556 5560 5592 5638 5652 5738 5773 5776 5840 5925 5981 5992 6087 6137 6145 6189 6223 6240 6259 6404 6446 6469 6471 6714 6790 6849 6860 6899 6906 6923 6927 6931
4 558 694 940 1053 1076 1372 1636 1725 1981 2032 2962 3385 3517 3542 4016 4123 4144 4159 4286 4655 5462 5633 5764 5804 5870 5958 6121 6222 6543 6591 6732 6766 6813 6871
6 168 258 393 446 715 726 824 882 1129 1158 1295 1983 2197 2264 2563 2708 2759 2782 2784 2890 3065 3353 3367 3450 3477 3670 3693 3896 4096 4552 4575 4581 4603 4756 5234 5370 5376 5465 5512 6102 6104 6242 6267 6797 6886 6905
7 293 482 1481 2282 2381 3870 4215 4466 4483 5012 5935 5955 6140
8 780 2158 2206 2581 4184 4334 4386 4906 6077 6497
9 91 208 525 560 838 896 925 997 1057 1085 1141 1152 1171 1197 1282 1289 1434 1609 1975 2237 2300 2512 2696 2712 2867 2933 2953 3210 3296 3346 3384 3453 3508 3685 3772 3815 3832 3892 4025 4034 4220 4842 4934 5009 5086 5367 5401 5425 5720 5953 6091 6218 6567 6654 6809 6810 6887
10 265 278 545 775 1243 1416 1679 1801 1944 1978 2169 2580 2857 2909 2976 3114 3413 3435 3524 3550 3554 3579 3603 3656 3698 3920 3926 3929 3969 4143 4236 4302 4494 4676 4699 4834 5000 5066 5249 5675 5754 5762 5790 5842 6046 6073 6719 6786 6875 6885 6920
11 259 561 600 1255 1394 1569 1637 1839 2056 2335 2594 2595 2715 2877 3001 3151 3451 3751 3932 3941 4086 4087 4137 4262 4277 4667 4776 4825 4916 4982 5016 5119 5152 5173 5179 5559 5584 5687 6118 6224 6237 6246 6374 6613 6700 6789 6791
12 247 350 460 630 988 1449 1452 1522 1712 1758 1891 1966 3003 3696 3818 3839 4371 4478 4565 5932 6352 6651 6897
13 119 231 414 432 467 712 969 1083 1184 1225 1346 1587 1611 2172 2333 2435 2474 2543 2632 2995 3304 3568 3607 3711 3745 3766 3923 4278 4441 4627 4696 4986 5361 5882 5886 5901 5913 5921 5951 5986 6163 6264 6701 6767 6831
14 400 1030 1379 1599 1692 1808 2137 2352 2736 3993 4291 4572 4658 6139 6422 6496 6586 6846 6941
15 22 126 140 268 300 325 486 577 604 647 676 720 849 863 996 1054 1073 1187 1334 1430 1486 1520 1547 1551 1593 1630 1776 1849 2071 2433 2484 2568 2573 2615 2618 2625 2811 2937 3075 3148 3153 3166 3196 3255 3286 3335 3404 3417 3424 3512 3583 3586 3597 3733 3887 3927 4055 4065 4190 4211 4345 4409 4472 4526 4573 4710 4744 4745 4790 4833 5204 5240 5258 5303 5430 5432 5439 5454 5543 5603 5654 5667 5684 5731 5777 5813 5855 5888 5985 6000 6027 6045 6084 6085 6256 6265 6295 6345 6369 6500 6600 6642 6691 6744 6803 6843 6866 6896
16 53 67 102 169 232 297 341 461 529 539 559 602 777 900 911 951 968 1034 1100 1132 1288 1386 1488 1601 1614 1652 1700 1746 1787 1937 2030 2062 2074 2075 2091 2119 2320 2769 2861 2980 3008 3010 3122 3170 3269 3394 3465 3530 3620 3664 3678 3757 3882 3928 3936 3999 4053 4174 4382 4429 4465 4544 4657 4685 4783 4858 4870 4887 4997 5163 5166 5171 5237 5336 5476 5598 5787 5794 5924 5956 6042 6135 6299 6509 6553 6680 6845 6950
17 42 235 847 1947 2872 3355 3418 3466 5267 6652
18 19 316 523 531 543 666 1104 1149 1397 1526 1615 1707 1874 2025 2090 2142 2161 2292 2522 2642 2649 2673 2689 2815 2898 2902 2922 2970 2982 3110 3158 3423 3463 3499 3827 4152 4364 4377 4402 4822 4840 4957 5067 5071 5222 5625 6002 6067 6110 6280 6429 6593 6977
20 142 165 344 449 454 656 699 758 1102 1321 1697 1731 1827 1965 2002 2068 2344 2520 2536 2590 2754 2786 3017 3146 3234 3329 3430 3484 3500 3509 3514 3605 3648 3709 3764 3857 3958 4319 4328 4613 4722 4814 4910 4977 5037 5243 5296 5355 5610 5733 5740 5943 5950 6269 6287 6612 6671 6688 6709 6867
21 27 82 99 195 323 394 403 406 438 464 585 627 762 836 930 1131 1180 1203 1468 1549 1624 2270 2425 2885 3047 3074 3088 3373 3439 3537 3690 3739 3811 4068 4292 4346 4568 4662 4780 4810 4882 4961 5239 5427 5623 5928 5930 6105 6124 6130 6311 6425 6501 6693 6699 6702 6990
23 31 33 123 366 442 594 673 707 876 1026 1029 1160 1296 1626 1751 1830 1911 1963 2046 2096 2193 2420 2919 3040 3155 3228 3272 3327 3393 3571 3687 3749 3761 3845 3883 3943 4134 4310 4323 4340 4482 4706 4804 4965 5176 5441 5541 5569 5655 6010 6108 6165 6327 6473 6669 6684 6752
24 50 74 314 445 468 473 592 710 772 822 844 851 1087 1253 1345 1391 1419 1428 1484 1603 1887 1957 2059 2084 2111 2272 2318 2488 2490 2493 2584 2640 2793 2891 2905 3020 3094 3130 3150 3206 3209 3284 3375 3376 3386 3427 3547 3697 3703 3729 3919 4044 4149 4202 4208 4222 4255 4290 4318 4462 4477 4589 4651 4816 4818 5053 5350 5393 5453 5496 5594 5811 5849 5852 5926 6083 6123 6214 6241 6389 6396 6458 6468 6552 6584 6687 6715 6939 6962 6969 6970
25 87 110 194 248 281 290 367 568 700 711 910 941 975 1044 1230 1268 1313 1482 1570 1628 2276 2284 2319 2363 2534 2562 2679 2694 2837 2946 3035 3163 3298 3428 3720 3737 3938 3959 4344 4688 4912 4951 4993 5079 5108 5208 5297 5312 5371 5377 5419 5506 5563 5583 5688 5756 6147 6263 6302 6418 6550 6631 6743 6892
28 342 389 1335 2830 3316 4974
29 973 1086 2104 2438 2627 2766 4541 5536 6624
30 39 48 57 73 79 113 172 176 210 244 280 283 302 303 361 443 501 554 652 727 735 759 783 817 880 917 936 1064 1146 1150 1175 1241 1265 1306 1328 1366 1435 1545 1555 1565 1663 1717 1720 1724 1775 1799 1821 1854 1862 1869 1885 1900 1946 1968 1987 1988 2037 2167 2240 2245 2308 2385 2402 2409 2465 2489 2500 2505 2526 2544 2571 2637 2646 2663 2686 2706 2714 2722 2760 2770 2794 2803 2825 2859 2871 2892 2911 2914 2918 2956 2960 2979 2994 3016 3028 3149 3180 3182 3229 3313 3436 3468 3486 3662 3674 3744 3746 3855 3902 3903 3955 3978 3996 3997 4004 4098 4124 4145 4147 4153 4171 4178 4298 4372 4378 4387 4537 4590 4642 4646 4652 4752 4761 4762 4794 4889 4890 4893 4895 4936 4940 4976 5212 5215 5275 5309 5324 5331 5335 5383 5485 5503 5552 5691 5713 5739 5775 5816 5847 5920 5929 6023 6115 6128 6172 6181 6209 6213 6217 6252 6266 6277 6329 6372 6385 6409 6430 6435 6440 6455 6462 6533 6712 6722 6742 6745 6764 6770 6817 6828 6834 6853 6914 6925 6960 6979
32 35 60 98 130 187 202 255 271 365 378 407 465 502 532 586 642 660 690 744 785 960 992 1081 1154 1210 1249 1251 1266 1287 1302 1333 1360 1458 1474 1558 1563 1588 1621 1629 1660 1680 1681 1779 1788 1800 1805 1889 1951 1982 1996 2008 2049 2052 2117 2141 2210 2212 2216 2246 2260 2367 2423 2429 2449 2458 2507 2515 2525 2588 2704 2764 2787 2817 2853 2893 2932 2997 3041 3098 3106 3111 3194 3218 3247 3248 3252 3267 3290 3359 3390 3410 3457 3548 3569 3573 3599 3637 3771 3787 3847 3869 3885 4006 4050 4090 4187 4213 4269 4315 4325 4358 4389 4416 4448 4457 4509 4567 4591 4593 4606 4624 4650 4690 4766 4846 4875 5084 5093 5168 5174 5182 5230 5271 5338 5342 5380 5384 5394 5475 5482 5554 5627 5653 5680 5697 5709 5752 5791 5792 5837 5865 5908 5916 5967 5988 6021 6078 6107 6271 6289 6313 6314 6326 6334 6342 6356 6376 6413 6443 6453 6507 6510 6539 6564 6777 6824 6856 6980 6985 6988 6998
34 634 884 908 1065 1286 1795 1876 2372 2499 2749 3009 3120 3198 3407 3535 3593 3873 4015 4164 4338 4574 5165 6066 6516 6634 6679 6720
36 262 427 440 646 1069 1176 1829 1856 2051 2376 2944 3256 3379 4185 4420 5180 5294 5448 5570 5590 5721 6332 6339 6367 6576
37 55 171 1139 1153 1376 1936 2194 3320 3758 3995 4041 4217 4281 4899 5181 6301 6618
40 4423 5352 6942
41 826 1006 1743 2007 4435 5136 5632
43 605 931 970 1433 1517 1594 1802 1866 2093 2110 2180 2364 2680 2900 3123 3669 4985 5144 5399 5585 5609 5661 5962 6319 6456 6485 6491 6611 6645 6730
44 312 781 893 977 1048 1341 1371 1613 1693 1744 1860 1921 1956 2232 2495 2619 2813 2870 3591 3651 4351 4454 4663 4733 5229 5407 5611 5649 5839 5876 6226 6306 6325 6375 6410 6627 6946 6949
45 5319
46 375 392 424 665 801 909 1541 1568 1607 1625 1865 1907 1928 2844 2916 3076 3101 3208 3318 3479 3671 3914 3968 3977 4212 4243 4419 5151 5362 5452 5534 5566 5612 5809 6119 6262 6357 6636 6870 6903
47 66 94 177 179 238 240 253 274 288 318 354 362 448 530 595 616 629 643 650 655 677 679 723 736 796 827 828 887 905 929 983 1004 1008 1018 1052 1072 1111 1198 1259 1263 1277 1322 1338 1382 1389 1431 1440 1443 1446 1466 1485 1537 1598 1618 1646 1649 1690 1694 1703 1738 1740 1755 1762 1782 1785 1812 1888 1890 1976 1998 2273 2305 2393 2443 2446 2480 2558 2639 2644 2669 2693 2727 2733 2756 2789 2797 2814 2895 2906 2929 2988 3050 3053 3086 3097 3159 3220 3275 3277 3310 3363 3364 3396 3483 3504 3507 3533 3556 3628 3630 3658 3665 3677 3694 3695 3708 3782 3875 3889 3949 3963 3994 4008 4070 4093 4111 4140 4173 4254 4265 4282 4284 4297 4309 4341 4391 4433 4485 4492 4498 4504 4563 4632 4656 4673 4683 4709 4773 4826 4838 4839 4869 4880 4908 4926 4958 4980 5014 5018 5029 5045 5085 5101 5118 5120 5142 5167 5186 5253 5291 5305 5326 5369 5373 5388 5402 5414 5421 5449 5489 5502 5517 5604 5619 5673 5679 5690 5749 5772 5786 5788 5826 5827 5872 5946 6112 6131 6244 6288 6297 6362 6382 6460 6518 6536 6572 6577 6598 6672 6710 6738 6747 6753 6762 6822 6851 6857 6859 6873 6878 6884 6902 6910 6911 6958 6961
49 429 463 797 914 1186 1685 2102 2125 2258 2559 2589 3061 3190 3853 4075 4343 4927 5005 5169 5238 5647 5736 5830 5897 6192 6206 6296 6400 6782
51 2860 4129 4326 4911 5154 5562 6889
52 149 308 423 466 526 631 685 845 1309 1985 2080 2159 2350 2672 2710 2729 2967 3012 3019 3036 3056 3140 3189 3334 3641 3974 4013 4106 4128 4131 4295 4500 4531 4617 4815 4867 5137 5397 5484 5874 5883 5884 5898 5968 6251 6394 6431 6490 6592 6661 6662 6695 6776
54 154 514 519 535 746 795 923 1015 1031 1462 1716 1803 1840 1955 2036 2171 2211 2353 2355 2652 2657 2805 2938 2998 3052 3072 3126 3162 3244 3254 3454 3521 3553 3570 3600 3657 3738 3770 4218 4366 4532 4775 4956 4984 5199 5252 5334 5457 5702 6328 6351 6454 6625 6739 6749 6773 6944
56 340 544 855 1118 1393 1442 1820 2182 2249 2616 2634 2904 2983 3103 3343 3470 3780 4270 4459 4486 4677 4702 5110 5542 5576 5660 5774 5877 6052 6199 6225 6814
58 211 319 352 391 590 597 648 898 938 1005 1062 1339 1497 1509 1581 1752 1768 1902 2277 2326 2741 3018 3107 3135 3145 3273 3309 3406 3494 3566 3756 4020 4061 4073 4203 5006 5023 5081 5203 5255 5288 5651 5678 5725 5890 6275 6283 6346 6384 6546 6551 6594 6619 6736 6823
59 1245 3735 4547 4932 5293
61 1728 3213 3817 4808 6411 6844
62 80 132 182 200 206 377 390 396 425 447 451 455 457 510 565 644 651 663 731 733 877 979 1012 1023 1042 1079 1173 1182 1192 1205 1213 1279 1311 1318 1392 1401 1441 1491 1523 1533 1550 1622 1627 1711 1726 1761 1771 1893 1984 2003 2026 2035 2083 2097 2108 2147 2186 2200 2223 2291 2303 2317 2338 2362 2392 2430 2470 2538 2564 2599 2677 2687 2698 2719 2739 2774 2788 2851 2864 2875 2887 2959 3031 3043 3044 3144 3278 3322 3323 3438 3487 3582 3602 3609 3611 3644 3748 3825 3833 3907 3915 3961 4001 4024 4043 4060 4110 4118 4157 4162 4181 4229 4313 4321 4332 4363 4365 4442 4447 4455 4493 4519 4561 4583 4609 4668 4708 4726 4864 4935 4987 5063 5158 5200 5218 5221 5268 5282 5328 5333 5341 5347 5456 5587 5671 5681 5707 5851 5862 5909 5922 5999 6053 6057 6076 6093 6120 6148 6229 6245 6279 6350 6377 6481 6495 6578 6581 6599 6601 6616 6677 6692 6808 6819 6825 6879 6891 6975
63 89 183 241 286 298 331 556 752 870 981 1019 1028 1055 1127 1291 1298 1398 1408 1457 1667 1705 1764 1835 2257 2518 2578 2614 2912 2964 3025 3411 3536 3538 3647 3715 3991 4018 4029 4048 4049 4146 4301 4360 4515 4554 4560 4682 4727 4859 5021 5320 5340 5398 5832 5990 6012 6047 6133 6180 6278 6292 6412 6532 6562 6649 6657 6707 6830 6847 6865
64 371 426 477 608 706 778 862 904 921 1088 1105 1252 1278 1415 1445 1986 2208 2230 2299 2332 2809 3543 3646 3930 4165 4329 4413 4615 4753 4759 4898 4919 4937 5132 5302 5636 6079 6081 6162 6196 6368 6459 6571 6673 6787 6816
65 106 304 475 481 508 587 956 1612 1760 1923 1938 2041 2053 2123 2124 2325 2410 2424 2603 2778 3276 3350 3358 3398 3473 3584 3618 3781 3797 4499 4640 4645 4700 4747 4843 5047 5088 5106 5458 5460 5630 5718 5896 6017 6402 6821 6894
68 90 152 193 490 734 768 787 950 966 1399 1671 1753 1861 1918 2136 2415 2517 2553 2574 2607 2798 2913 3219 3700 3982 4550 4681 4972 5206 5521 5615 5668 6151 6337 6363 6735
69 1420 4497 6069 6445
70 88 108 145 453 571 581 819 1058 1070 1120 1510 1527 1727 1732 1834 1906 2061 2086 2281 2309 2662 2753 2763 2835 2852 2935 3015 3333 3541 3635 3790 3862 3880 4019 4063 4099 4240 4260 4461 4536 4588 4604 4653 4664 4669 4734 4778 4791 4948 5184 5314 5318 5468 5508 5510 5568 5577 5666 5692 5965 5982 6198 6484 6644 6650 6836 6863 6898
71 624 670 1516 1925 2114 2475 3119 3212 3340 3344 4844 5280 6142 6590
72 95 216 261 496 686 809 907 912 1056 1075 1103 1190 1324 1377 1410 1421 1459 1540 1564 1591 1639 1814 2023 2033 2085 2184 2457 2487 2548 2598 2622 2718 2761 2816 2820 2973 3021 3081 3089 3143 3184 3240 3408 3412 3497 3598 3668 3768 3906 3954 3972 4030 4170 4312 4367 4542 4602 4612 4675 4739 4800 4954 5070 5128 5130 5198 5354 5443 5492 5814 5835 5893 5899 5949 5954 5964 6040 6127 6200 6243 6294 6364 6401 6442 6621 6638 6689 6761 6888 6907 6932
75 562 1427 2623 3347 3924 4456
76 506 1757 2256 2546 2958 3588 4641 5437 5664 6926 6955
77 299 369 563 924 1077 1293 1388 1437 1653 1656 1780 2018 2301 2494 2660 3084 3167 3263 3717 4057 4322 4872 4941 5263 5299 5358 5500 5580 5605 5919 6013 6759 6785 6981
78 803 6122 6472
81 397 509 1078 1233 1507 4300 4716 4772 6331 6482 6713
83 359 635 808 821 916 1138 1157 1258 1264 1340 1354 1519 1566 2157 2222 2226 2307 2524 2692 2750 2772 2812 2883 3489 3491 3614 3836 4089 4133 4177 4559 4724 4878 4886 5192 5205 5404 5406 5694 5730 5869 5879 5910 6051 6336 6349 6630 6757 6794
84 150 963 2479 2819 3890 4059 4488 5134
85 356 370 476 505 512 576 593 645 728 784 891 902 964 1007 1041 1117 1161 1193 1209 1211 1234 1237 1285 1329 1390 1407 1498 1559 1620 1632 1655 1673 1750 1794 1819 1940 1977 1995 2013 2021 2066 2112 2116 2175 2239 2321 2428 2445 2450 2459 2461 2519 2528 2535 2638 2653 2671 2850 2926 2928 2963 3014 3237 3259 3291 3315 3331 3513 3551 3710 3808 3859 3863 3874 3876 3897 3935 3951 4051 4122 4160 4176 4230 4285 4288 4314 4316 4393 4394 4400 4404 4405 4469 4516 4557 4622 4674 4678 4757 4760 4806 4847 4860 4871 4909 4942 4946 4960 4989 5069 5143 5170 5231 5257 5265 5440 5479 5532 5575 5602 5711 5729 5768 5817 5900 5903 5907 5923 6089 6154 6270 6360 6361 6487 6531 6608 6648 6721 6723 6737 6746 6800 6802 6908
86 92 96 121 156 218 239 249 263 386 483 498 527 570 765 779 948 957 1095 1097 1151 1215 1218 1368 1467 1472 1539 1647 1658 1759 1806 1807 1813 1886 1920 1953 1997 2010 2082 2088 2089 2233 2254 2294 2387 2456 2483 2491 2613 2685 2773 2921 3026 3207 3222 3258 3270 3308 3361 3372 3458 3516 3577 3691 3692 3726 3752 3777 3822 3931 4268 4361 4629 4832 4845 4854 4868 4897 4969 5058 5073 5082 5109 5261 5262 5424 5518 5525 5597 5662 5703 5784 5911 5966 5996 6070 6381 6397 6398 6417 6506 6514 6615 6635 6658 6683 6708 6811 6842 6880 6943
93 550 872 2067 2070 2113 2129 2140 2723 3113 3161 3442 3527 4135 4566 4746 4901 5493 5834 6812 6877
97 222 456 494 626 639 705 763 1068 1177 1239 1276 1355 1409 1508 2280 2628 3132 3683 3707 3760 3828 3937 4082 4101 4117 4252 4524 5183 5298 5546 5727 5875 6072 6257 6268 6286 6763 6869
100 151 1011 1025 1107 1495 1723 2384 3079 3251 3280 3301 3443 3520 3523 3732 3864 4121 4168 4473 4793 4896 4999 5032 5307 5539 6062 6448 6861 6989
101 148 495 546 553 625 661 667 767 937 947 1136 1156 1170 1400 1464 1478 1532 1538 1648 1815 1825 2095 2163 2508 3073 3160 3177 3352 3416 3425 3642 3667 3970 3989 4103 4194 4522 4528 4534 4719 4725 5007 5211 5242 5311 5586 5659 5672 5722 5971 6156 6437 6556 6795 6818
104 147 329 669 732 858 865 885 933 999 1096 1106 1195 1224 1235 1269 1735 1766 1974 2017 2078 2198 2391 2779 2966 2984 3095 3295 3300 3511 3632 3719 3813 3850 3960 3998 4011 4091 4233 4250 4280 4353 4375 4452 4495 4618 4692 4981 5074 5111 5145 5148 5190 5248 5273 5461 5507 5522 5527 5591 5719 5880 5976 5978 6171 6388 6419 6426 6526 6587 6848
105 842 1091 1361 1513 1816 2143 2251 2575 4035 5447 6405
107 153 204 491 569 709 995 1294 1316 1714 1810 1872 2073 2099 2132 2289 2629 2785 2942 3034 3067 3071 3121 3549 3688 3940 3964 4105 4373 4625 4705 4749 4978 5450 5796 5798 6071 6086 6528 6675
109 237 492 696 1242 1373 1432 1592 1605 1826 1877 2178 2263 2331 2514 2523 2555 2566 2748 3006 3233 3912 4274 4520 4577 4587 4594 4644 4835 4851 5301 5445 5979 6157 6160 6494 6769 6772 6783
111 166 234 292 399 830 848 971 1116 1125 1166 2170 2259 2365 2567 2765 2901 2989 3048 3283 3351 3558 3812 3854 3913 4399 4817 5202 5412 5528 5621 5991 6208 6235 6236 6320 6344 6432 6433 6936
112 1843 2434 2783 6982
114 1315 1756 2014 4293 5090 5343 5400 6318
115 955 980 987 1159 1880 2377 2380 2924 3305 3747 4672 5057 5434 5523 5618 5993 6001 6321 6424 6544 6729
116 131 158 173 538 549 579 867 1001 1164 1183 1200 1319 1320 1367 1444 1447 1470 2252 2848 2854 2957 2987 3085 3172 3441 3448 3490 3663 3730 3786 3901 3987 4112 4248 4264 4330 5117 5214 5286 5516 5850 6158 6220 6416 6505 6585
117 136 584 944 972 3895 6022 6116 6179 6994
118 489 623 668 714 738 922 1010 1455 1536 1841 1858 1873 1901 3057 3214 3328 3572 3718 4027 4066 4076 4078 4097 4172 4239 4743 4779 4865 4973 5043 5277 5325 5815 5948 6205 6303 6370 6559 6620 6826 6904
120 267 459 888 2127 2403 2823 5126
122 309 404 672 730 1487 2668 2792 3339 3421 3437 4136 4317 4578 4915 5247 5327 5915 5960 6059 6098 6109 6159 6868 6963
125 664 753 868 903 990 1181 1375 1845 2181 2315 2330 2447 2596 2952 2954 3652 3840 3893 4384 4703 5039 5092 5287 5429 6033 6064 6711 6796 6959
127 1666 1871 5387 5596 5732 6056
128 324 528 703 879 883 982 1512 1562 1959 2286 2550 2806 2945 3236 3238 4206 4616 4670 4933 5606 5607 5696 5843 6061 6919 6983
129 1439 2903 5123
133 6392
134 1405 3627 4385 6019
135 1784 2469 2947 4607 5614 6015 6178 6971
137 557 2554 3911 4347
138 335 478 548 739 852 1461 2154 2166 2205 2229 2268 2298 2453 2464 3099 3706 3762 3948 4080 4443 4468 4721 5062 5250 5353 5471 5578 5700 6011 6665 6864 6929
139 287 441 816 913 959 1021 1301 1365 1404 1499 2271 2356 2408 2452 2635 2720 2734 3260 3288 3312 3788 3838 3878 4127 4199 4227 4256 4287 4392 4671 4823 4883 4939 4963 5191 5266 5486 5663 5755 5818 5885 6058 6068 6511 6779
141 160 199 353 1033 1308 1706 2042 2862 2993 4306 5065 6276
143 191 336 613 704 755 874 1307 1454 1535 1634 1640 1682 1868 2421 2645 2826 2971 3029 3221 3324 3498 3721 3804 3988 4046 4047 4205 4226 4637 5860 5918 5970 6031 6182 6284 6323 6330 6733 6918 6947
144 339 1424 1651 2247 4430 5115 5938 6557 6966
146 1804 2242 2295 3606 3800 4083 4167 4712
155 376 420 612 812 899 1344 1524 1528 1931 2009 2109 2419 2501 2636 2670 3178 3624 3799 4100 4197 4437 4631 5121 5676 5695 5848 5889 6060 6143 6187 6248 6285 6858 6987
157 1323 1927 2150 3039 3728 4523 4665 5260 5284 5581 6310
159 965 1214 1702 1769 1855 1895 2106 2269 2849 2969 3419 3589 3779 6698
161 276 472 671 1228 1413 1576 2683 2827 3702 3755 3939 4000 4324 4686 4781 4837 4841 5061 5561 5746 5864 5931 6390 6724
162 387 1330 2004 2190 2225 2455 4012 4126 4362 4525 4527 4861 5232 5467 6395 6508 6909
163 277 542 901 1036 1747 1772 1894 1962 1991 2168 2241 2876 2991 3164 3837 4401 4406 4771 4971 4979 5351 5624 5894 6048 6146 6408 6734
167 6254 6521
170 541 691 1395 1436 1686 1939 1972 2199 2832 3660 3740 4195 4234 4258 4396 5112 6660 6883
174 203 791 1167 1993 2118 2287 2730 3563 3704 4021 4219 4390 4585 4649 4824 4828 5048 5175 5952 6075 6228 6281 6595 6916
175 186 246 349 766 857 1040 1500 2155 2650 2846 3400 3645 3716 3953 4445 4511 4950 5220 5444 5608 5635 5831 6538 6568 6681 6726
178 1238 2126 2711 3587 4417 5041
180 219 226 305 330 837 1022 1216 1332 1356 1402 1606 2231 2340 2405 2486 2894 3204 3356 3496 3650 3763 3973 3980 4032 4336 4355 4490 4507 4512 4586 4648 4904 4943 5316 5321 5322 5364 5567 5803 5867 6037 6168 6407 6498 6760 6862
181 217 223 250 337 345 351 381 524 591 658 693 721 724 764 769 833 861 1049 1060 1115 1123 1126 1147 1260 1284 1350 1396 1525 1546 1675 1792 1797 1836 1842 1870 1883 1992 2029 2039 2131 2148 2207 2215 2238 2293 2302 2313 2383 2492 2503 2531 2547 2601 2617 2738 2824 2866 2888 2965 2996 3059 3169 3242 3265 3292 3307 3326 3383 3432 3446 3495 3604 3639 3673 3676 3765 3775 3921 3942 4058 4064 4163 4196 4216 4444 4508 4562 4564 4620 4635 4660 4711 4770 4923 4953 4964 5226 5272 5276 5339 5464 5477 5495 5544 5626 5706 5737 5742 5759 5942 5997 6003 6034 6212 6253 6312 6348 6353 6463 6474 6520 6573 6646 6685 6690 6827 6895 6956 6984
184 537 859 993 1347 2576 2602 2630 2641 2999 3239 3294 3337 3338 3540 3865 3888 4038 4530 5345 5634 5844 6995
185 1708 4033 4289 4636 5825
189 197 321 328 450 573 615 729 1174 1236 1327 1369 1370 1623 1638 2737 2939 3176 4037 4414 4460 4533 4592 5094 5223 5310 5410 5579 5973 6322 6477 6804 6876 6951
190 588 790 1414 1586 1722 1881 1989 2328 2395 2396 2467 2502 2533 2923 3285 3303 3492 3950 4611 4768 5403 5426 5557 5613 6503 6582 6668 6799 6992
192 296 436 1172 1572 1948 3139 3397 4305 4596 4920 4930 6854
196 1602 2373 3195 4731 4929 5155
198 2557 3655
201 415 575 580 915 918 1038 1879 2371 2482 2920 3112 3387 3449 4388 4659 4913 4992 5010 5127 5428 5765 6038 6704
205 2931
207 2121 2990 3742 4308 4788 6792
209 493 890 1811 2626 3440 5207
212 1037 1909 2006 3559 3916 3976 4115 4796 4888
213 266 680 897 1128 1145 1325 1353 1429 1483 1493 1960 2133 2134 2342 2406 2592 2800 2910 2951 3080 3227 3362 3712 3743 3946 4294 4438 4484 4829 5259 5304 5513 6444 6731 6974
214 1212 1582 1774 2468 2684 2743 2818 2856 3069 3271 3456 3469 3481 4125 4154 4925 5201 5409 5726 5808 6032 6095 6316 6529
215 1423 1665 5846 6479
220 1669 1910 3807 5159
221 422 479 717 841 1043 1080 1387 2476 2605 2745 2831 3102 3134 3197 3261 3378 3403 3680 3984 4307 4713 4877 4944 5290 5617 5656 5658 5686 5693 5779 5873 6094 6106 6111 6483 6640 6937
224 320 582 692 939 1924 2351 2604 4917 5001 5778
227 243 358 398 818 1155 1642 1952 2204 2278 2283 3023 3060 3091 3302 3552 3636 3886 4299 4764 5011 5113 5677 6170 6561 6570 6758 6954
228 5998 6750
229 856 1246 1767 1847 3030 3165 3672 5017 5278 5436 5987 6249 6519 6569 6605 6666 6913
230 273 511 564 932 946 1071 1093 1162 1734 1875 1905 1915 2189 2227 2327 2334 2339 2437 2790 3037 3049 3105 3293 3493 3925 4010 4119 4188 4296 4647 4787 5104 5241 5386 5838 5866 6088 6191 6415 6527 6542 6641 6775 6837
233 522 906 1544 3096 3823 4182 5674 6488 6663
236 566 620 1217 1280 1292 2234 2436 2473 2579 2659 2796 3348 3392 3681 4158 4304 4436 5497 5807 6009 6185 6541 6755
242 716 928 2160 2407 4634 5481 6167
245 313 357 589 609 654 953 978 1067 1148 1438 1590 1631 2306 2390 2440 2591 2751 2834 3077 3241 3389 3529 3567 3967 4235 4266 4475 4689 4894 4991 5002 5055 5172 5209 5494 5564 5628 5758 6054 6188 6239 6309 6451 6833
251 1450 3200 3816 4017 4054 4069 4732 4799 5760 6082 6604 6609 6964
252 458 761 1244 1463 1504 1584 1662 1672 1745 2192 2560 2701 3070 3266 3381 3629 3634 3843 4042 4198 4283 4729 5019 5153 5385 5823 6101 6166 6230
254 4758
256 622 3281 4487 4807 6383 6993
257 279 681 3374 4539 4876 6141
260 444 3336 5034 5892 6055 6524
264 1999 4502
269 2717 3562 3778 4214 5533 5601 5641 5845 6378 6555
270 1066 1521 3192 4259 4540 4792 5138 5264 5863 6486
272 435 572 687 722 1099 1518 1595 1650 1684 1730 1831 2015 2079 2496 2925 3011 3083 3201 3262 3485 3734 3794 4142 4241 4411 4811 5040 5103 5366 5620 5902 6136 6232 6298 6829 6852
275 864 994 1194 1374 1476 1585 1971 2055 2100 2224 2724 2949 2986 3917 4827 5140 5395 5538 6725
282 295 388 800 869 962 1017 1191 1248 1786 1852 2120 2250 2378 2858 3116 3202 3253 3736 3776 3814 3835 4718 4848 5177 5433 5537 5573 5669 5782 6050 6176 6317 6548 6754 6850
284 547 881 1000 1016 1090 1202 1460 1530 1577 1695 1828 1908 2128 2236 2427 2577 2631 2713 2755 2808 3230 3249 3319 3444 3461 3617 3722 3750 3871 3884 4342 4693 5225 5256 5392 5643 5685 5858 5972 6293 6997
285 6103
294 363 2000 2777 2879 3382 3405 3625 3824 4339 4376 4545 5114 5520 5934 6653
306 1094 1778 2031 2311 2337 2349 2422 2541 2691 2725 2802 3223 3455 3482 3578 3580 3631 3774 3962 4026 4267 4458 4605 4763 4853 5147 5149 5189 5346 5505 5857 6039 6044 6173 6190 6461 6517 6607 6647 6656 6948
307 1227 2661 3174 4005 4521 4750 5499 5509
310 745 2235 2274 2762 2978 3544 3848 4246 4938 5091 5473 5828 6049 6273
311 1838 2934 4598 6470 6945
315 815 873 1051 1534 1643 2022 2316 2915 3445 3595 3633 4857 5162 5254 5283 6272 6365
317 417 682 1024 1163 1506 1674 1698 2504 2752 2768 3064 3380 3503 3574 3846 4352 4464 4474 4661 5480 5750 6258 6333 6335 6513 6798
322 1644 2130
326 384 1283 1503 2057 2569 3460 4120 5631 5969 6092 6580
327 802 1554 1579 1687 1739 1878 2417 2721 2780 3002 3186 3666 4109 4584 4836 6434
332 607 1704 2936 3714 4945 6917
333 4349 4742 6438
334 3810 4003
338 368 534 675 701 840 1270 1560 2076 2179 2359 2366 2368 2388 2527 2643 2731 3005 3087 3187 3858 3909 4380 4412 4427 4715 4813 5027 5228 5565 5639 5761 5927 6155 6221 6740 6965
343 926 935 1945 2094 3235 4156 4630 4777 5025 5078 6300 6756 6774
346 428 606 1305 1777 1791 1979 2122 2213 2261 2896 3033 3078 3168 3723 3979 4311 4518 4623 5185 5360 5415 5801 6043 6144 6436 6659 6728 6768 6893 6934
347 431 533 599 788 832 985 1124 1229 1357 1990 2034 2038 2040 2177 2329 2454 2907 3055 3245 3877 4506 4866 4968 5378 5833 5957 6065 6476 6515 6596 6676 6784 6806
355 814 934 1201 1475 1691 1713 2248 4476 4784 4907 5483 5595
360 2354 3957
364 1417 1932 2253 2836 3013 3767 4737 5390 5682 5715 5805 6922
372 567 1359 1754 2358 2847 3462 4052 4451
373 485 515 653 835 839 1231 1529 2746 3395 3564 3727 4138 4263 4924 5098 5251 5717 6117 6138 6193 6379 6610
374 697 1689 2187 2418 4022 4996 5408 5743 6358 6623 6820
379 408 1112 1271 1935 1942 2016 2146 2265 2369 2532 2586 2682 3093 3108 3649 4036 4959 4994 5095 5146 5194 5871 6354 6535 6637 6696 6778 6915
380 1381 2404 3502 3791 3965 4200 5213 5698 5708 5806 6341 6540
382 1281 4809
383 487 1035 2357 2448 2621 2842 2881 3505 4701 4852 4881 5219 6423 6563 6716 6968
385 439 794 878 1817 1844 1994 2244 2285 2297 2511 2539 2955 3000 3125 3152 3224 3370 3515 3945 4232 4279 4370 4467 4679 4755 4830 5054 5244 5514 5535 5735 5799 5829 5856 5895 5940 6149 6210 6525 6579 6670 6839 6952 6996
395 1109 1250 1477 3171 3952 4374 6234 6523 6924
401 638 662 740 757 806 1009 1084 1220 1314 1358 1422 1456 1659 1796 1823 2460 2521 2545 2606 2863 3007 3199 3388 3612 3899 4166 4221 4257 4271 4335 4970 5008 5076 5217 5498 5548 5793 5820 5933 6020 6215 6247 6537 6921
402 1809 1882 3933 4505 4740 5077 6464 6967
411 433 2690 3985
412 875 1961 2005 2267 2288 4007 4320 4434 4546 5030 5107 6603 6940
413 825 1121 1130 2164 2217 2542 3675 3806 4569 5164 5789 5878 6493
416 469 831 1222 1310 1490 2054 2144 2218 2582 2767 3225 3803 3918 5157 5753 5802
419 678 702 748 776 889 1950 2045 2196 2878 3138 3297 3311 3354 3409 3789 3820 3881 4161 4175 4418 4491 4529 4736 5035 5050 5379 5822 5868 5906 5939 6169 6530 6718
421 2899 4570 4900 5216 6558
437 1851 3699
452
480 1342 2740 2747 2873 3257 3433 3464 3592 3866 5285 5683 5705 6682
484 614 1303 1326 1561 1749 1969 2610 2702 3133 3157 3289 3452 3585 3785 3809 4769 4820 4873 5227 5413 5466 5861 6134 6391 6832 6838
497 3345 6114 6655
500 1929 2593 3279 3555 4952 5716 6467
503
507 942 2466 3131 3357 3643 5474 6771 6986
513 927 1013 1596 1616 1668 1898 2047 2312 2314 2432 2611 2688 2950 2977 3475 3476 3626 3793 3795 3860 4045 4548 4571 4728 4782 5072 5330 5490 5995 6632
516 954 2101 2608 2791 3137 3205 5022 5083 5526 5551 5771 6338 6574
518 943 1045 1718 1859 1934 2757 3104 3546 3841 4503 5763 6250 6427 6706 6793
521 4132 6074 6183
536 866 5435
540 2275
551 1144 1208 1688 2674 3654 3701 5024 5150 6387 6900
555 743 760 984 2656 2882 3004 3472 3879 4108 5089 6035 6041 6560
578 621 628 1113 2472 2620 3215 4628 4922 5488 5977 6174
596 919 1617 1857 1899 4582 4608 5046 5469 5751 5785
601 813 1178 2107 2654 5588 5741 6007 6386
603 2011 2549 2822
611 1299
618 1092 1119 1188 1274 1542 1818 1964 2138 2322 2477 2703 2742 2810 3092 3478 3501 3684 3831 3852 4056 4261 4694 4697 5049 5323 5417 5640 5975 6502 6882
619 1169 2609 4116 4597 4821 4914 5701
632 4107 5344
636 986 991 1494 1514 1645 2868 3282 3349 3518 3849 4225 4687 4786 5156 5160 5637 6420 6452 6466
637 1608 1926 2028 4114 6291
640 1204 1257 1933 2203 3216 3226 3661 5195 5961
649 3796 3868 4691 5036 6499 6933
657
659 1137 1604 2416 4354 4513 5381 5941
674 3534 6063
683 1567 1846 2700 2771 3402 4549 4891 5274 5289 5689 6125 6260 6480 6978
688 5905
689 793 3682 6489
695
698 853 989 3366 5455 5853 6583 6805
708 2105 6219
713 2191 2732 3360
725 2346 6991
737 1061 1074 1678 1798 1958 2221 2666 3506 4654
742 2323 3981 5648
747 2695 4754 5629 5937
749 1300 2675 3128 4088 4439 5332 6216 6282 6449 6717
750 894 1721 4422 5052 6628
756 810 1114 1362 2058 2681 2874 3268 3480 3525 3532 3596 3856 4028 4251 4558 4614 5196 5389 5451 5936 6132 6626 6781
771 3557
773 1261 3232 3341 4237 4333 4450 4698 5491 6184
774 843 1710 3391 5530 6029
782 820 1664 2530 2927 3371 4151 6030 6450 6976
786 1378
792 1050 1221 1571 2012 4356 5044
804
805 1657 2209 2843 3653 4556 4983 5245
811 1610
829 6589
834 1110 1573 2243
854 2183 2561 3183 3287 4249 4748 5642 5854 6973
860 1179 1273 2930 3330 3615 4067 4077 4600 4707 4831 5504 6090 6373
871 3109
886 2572
892 4228 6534
920 1059 1412 6705
945 1824 1917
949 2471 2624 2839 3042 3142 4150 6005 6195
952
958 5622 6545
961 1903 2069 3231 3713 5745 6504
967 1297 1426 2087 2214 2389 2540 3179 3576 3610 3801 4428 4579 5478 6006 6930
974 2441 3581
976 1448 1465 1793 2361 3124 3474 4381 4425 5558 5974 6186
998 1101 1515 3129
1002 2050 5300 5547
1003 2801 4395 4481 5463 5665
1027 1363 1425 2439 3024 3136 4141 5178
1032 5657
1039 1683 3147
1046 6304
1047 2219 5033
1063 1206 3062 4803
1082 1600 5728 6227 6255
1098 4489 5416 5431 5819 6307 6928
1108 1919 3365
1122 2985 3118 4501 5472
1133 2379 2401 2889 5645
1140 6018
1165 1583 1980 3619 4253 4517 5501 6686
1168 2228 3990 5382 6855
1189 1418 1654 2398 2537 3471 3510 3528 4798 5269 5391 5519 5959 6324 6727 6999
1199 2481 3829 6606
1219
1226 2145 2585 2648 4426 6129
1232
1247 5315 5423 5646 6938
1256 1729
1272 2676 3426 5781
1290 1715 2382 3117 3314 3447 4331 4903 5540 5555 5571 5821 6080
1304
1331 1471 3784 5841 6197 6202 6366 6667
1336 1967 3519 4599 5131 5279 5812
1337 4714
1343 2310 3100 3826 4179 4801 5075 5593
1349 1904 2941 3156 4201 4797 5317 5365 5572 6457
1351 5235
1385 1781 2551 3842 4014 5281 5989 6203 6371
1403 6935
1406 1773 2728 3971 4276
1411 3046 3181 3659 4407 5059 5097 5141 5767 6614
1451 2716
1473 1973 2651 4580 5983
1479
1492 3188 6874
1501 1556 4514 4795 5295 5891
1502 1574 2290 4684 5396 6414 6901
1505 1557 2165 4383 4885 6602 6835
1511 3038 3754 4480 4990
1543 1941 2886 3891 3956 4638 6597 6881
1548 1954 2497 3467 6890
1552 5459 6175
1553 4446
1578 3045
1580 4193 6194
1589 2699 3724 5420 5947
1597 2103 3415 6152
1619 1833
1633 2374
1635 3640
1641 2841 4368 4610 5100 5757 6150 6441
1670 2485
1676 2063 4639 6024
1696 4555 4704 6100
1701 3185 3616 3922 5357
1733 3539 5210 5422
1742 4204
1770
1783 4002 4357
1789 2262
1790 4440
1822 3274 3679 5531
1837 1912 3966 4874 5438 6359 6807
1848 5944 6512
1850 4595 4988 6014
1864 2201 2612 3792 3975 3983 5524
1913 3904
1914
1930 5912
1970 5139 5616
2027 2386
2048 6406
2060 2135 2570 2633 2821 4619 4626 4905 5917 6233 6475 6703 6748 6957
2092 2451
2098 5670
2115 5748
2139 2463 2678 3082 4741 4967 5096 5349 5600 6629 6694
2152 4072 4095 4180 4432 4551 5099
2153
2156
2188
2220 2478 2972
2255 4785 4863
2279
2296 4210
2324 5747 5836 6261
2343 5015
2345 6028
2347 2758 3211 5374
2360 3947 4139 6617
2397 6343
2399
2400 3622 3861 4496 5945
2411 5116 6765
2413 4079
2426 2442 3317 6972
2444 4207
2509 2735 3575 4621 4921 4998 6872
2510 5359
2516 2981 3821 5056 6741
2529
2565 6478
2587 5356 6841
2655 3399 3805 6025 6465 6566
2658
2664 2697 3910 6575 6622 6912
2667 2865 3759 3900 5188 6016
2709 4275
2776 3802
2781 6565
2799 3434 4949
2807 4812
2838 4408
2840
2855
2869 6751
2880
2897 3545
2948
3054
3115
3173
3193
3217
3250 3944
3325
3377
3422
3459
3522
3561
3565 4819
3621 4601 6340 6547
3623 6347
3686 3934 4463 5026
3725 5599
3741 5197
3753
3783 5783 5795
3830
3905
3908
3992
4023
4031
4040
4081 4576
4092 5042
4094
4113 5744
4148
4183 4379 6380
4189
4192 4479 4765 5161 5904
4209 6393 6399
4245
4247
4398 5064
4403
4410
4415 5770
4449
4510
4535
4538
4543
4633 4849
4643
4720
4723
4730 5780 6403 6697
4735
4738
4751
4850 5375 5487
4862 6113 6201
4884
4918
4928
4931
4966
5020 5980
5068
5080 5859 6549
5087 6554
5102
5124
5187 6522
5233
5246
5306
5313
5363
5368
5418 6447
5442
5515 6664
5545
5549
5553
5574
5582
5589
5650 6674
5699
5710
5712 6788
5714 6639
5724 6308
5734
5797
5824
5887
5984
6008 6096
6161
6164
6204
6207
6238
6290
6492
6588
6643
6815
